

        役名         | take1| take2| take3| take4| take5|  合計  
---------------------+------+------+------+------+------+------
ノーペア             |     2|     1|     0|     1|     1|     5
ワンペア             |     3|     4|     0|     0|     2|     9
ツーペア             |     1|     2|     4|     3|     4|    14
スリーカード         |     0|     0|     0|     0|     1|     1
ストレート           |     3|     2|     4|     0|     1|    10
フラッシュ           |     0|     0|     0|     1|     1|     2
フルハウス           |     1|     1|     1|     5|     0|     8
フォーカード         |     0|     0|     0|     0|     0|     0
ストレートフラッシュ |     0|     0|     1|     0|     0|     1
ロイヤルストレート   |     0|     0|     0|     0|     0|     0
---------------------+------+------+------+------+------+------
単純素点             | 11.70|  8.80| 28.00| 11.00|  7.40|
傾斜得点             | 11.70| 13.20| 56.00| 16.50|  7.40|104.80

平均得点 :  104.800000
