

        役名         | take1| take2| take3| take4| take5|  合計  
---------------------+------+------+------+------+------+------
ノーペア             |     3|     5|     4|     2|     5|    19
ワンペア             |     6|     3|     6|     7|     4|    26
ツーペア             |     0|     0|     0|     1|     0|     1
スリーカード         |     1|     0|     0|     0|     0|     1
ストレート           |     0|     2|     0|     0|     0|     2
フラッシュ           |     0|     0|     0|     0|     0|     0
フルハウス           |     0|     0|     0|     0|     1|     1
フォーカード         |     0|     0|     0|     0|     0|     0
ストレートフラッシュ |     0|     0|     0|     0|     0|     0
ロイヤルストレート   |     0|     0|     0|     0|     0|     0
---------------------+------+------+------+------+------+------
単純素点             |  1.40|  6.70|  0.60|  0.90|  2.00|
傾斜得点             |  1.40| 10.05|  1.20|  1.35|  2.00| 16.00

平均得点 :  16.000000
